ID	H9_RPM	FB_RPM	pri_miR_ID	log2FoldChange_miR	H9_nascent_mean	FB_nascent_mean	log2FoldChange_primiR
hsa-miR-200b-3p	246.3	6.64	hsa-miR-200b	-5.016545791241552	NA	NA	NA
hsa-miR-200a-3p	31.11	1.52	hsa-miR-200a	-3.6715270262258533	NA	NA	NA
hsa-miR-361-5p	305.95	424.28	hsa-miR-361	0.47040933988647504	52.437677760622684	390.25036903207064	2.895724295133962
hsa-miR-1271-5p	33.21	64.33	hsa-miR-1271	0.9333275356332449	234.1081183964207	1089.9904350351503	2.219068604834877
hsa-miR-99a-5p	1.72	1485.87	hsa-miR-99a	9.094456148395212	92.07617466881993	351.71101071238667	1.9334906982288829
hsa-miR-141-3p	695.01	11.89	hsa-miR-141	-5.754783865489917	232.8671640454998	204.7600240959563	-0.18557314223711469
hsa-miR-124-3p	39.61	1928.56	hsa-miR-124	5.570293067939523	130.47371722609626	9948.719821128565	6.252679771802853
hsa-miR-1260a	537.05	381.33	hsa-miR-1260a	-0.4929218385378868	52.437677760622684	83.11033288813617	0.664424058398388
hsa-miR-365a-3p	58.09	16	hsa-miR-365a	-1.797379252549124	182.91139498671896	92.74517246805716	-0.9798008604292753
hsa-miR-365b-3p	58.09	16	hsa-miR-365b	-1.797379252549124	NA	NA	NA
hsa-miR-1260b	670.84	415.43	hsa-miR-1260b	-0.6900436878274089	377.38101647494244	723.8665309981527	0.9397018603668167
hsa-miR-125b-5p	73.37	5249.57	hsa-miR-125b	6.141609467366823	340.224428268587	5298.301866905173	3.9609714065599637
hsa-miR-200c-3p	711.31	7.27	hsa-miR-200c	-6.428474104560401	78.03603946547358	73.47549330821518	-0.08687741919102288
hsa-miR-141-5p	139.72	0.63	hsa-miR-141	-6.431811613240884	232.8671640454998	204.7600240959563	-0.18557314223711469
hsa-miR-505-3p	132.31	266.47	hsa-miR-505	1.0045920793128233	116.4335820227499	870.817517614583	2.902863206030676
hsa-miR-34c-5p	387.58	172.29	hsa-miR-34c	-1.1650232444290742	973.5890617920384	83.11033288813617	-3.5502131998379047
hsa-miR-27a-3p	324.9	93.93	hsa-miR-27a	-1.7794933638096742	NA	NA	NA
hsa-miR-153-3p	3.82	1924.32	hsa-miR-153	8.641849388713295	170.11221413429348	1309.2420845462586	2.9441732465335946
hsa-miR-1179	1.79	144.34	hsa-miR-1179	5.703022879155095	65.23685861304813	2122.2505646813156	5.023763875846764
hsa-miR-23a-3p	106.19	45.48	hsa-miR-23a	-1.2054883459018975	NA	NA	NA
hsa-miR-488-3p	4.29	222.45	hsa-miR-488	5.400540512168346	65.23685861304813	102.38001204797816	0.6501748632833156
hsa-miR-133a-3p	116.33	19.99	hsa-miR-133a	-2.482797870161947	271.2647066027762	2152.329913834616	2.988125973863518
hsa-miR-205-5p	2834.71	10.75	hsa-miR-205	-7.9149054327852655	1516.1184749975905	83.11033288813617	-4.189210830503006
hsa-miR-193b-3p	207.01	67.99	hsa-miR-193b	-1.5921937214246158	78.03603946547358	137.31614703650936	0.8152888179488067
hsa-miR-34a-5p	236.25	155.53	hsa-miR-34a	-0.5999689016320544	507.8547337010387	189.0935682672671	-1.425315595823934
hsa-miR-7977	115.16	54.46	hsa-miR-7977	-1.066593836956272	377.38101647494244	326.40971530377647	-0.20933785386385476
hsa-miR-138-5p	183.23	879.68	hsa-miR-138	2.2571098941377734	117.6745363736708	268.6006778242505	1.1906607765079775
hsa-miR-561-5p	2156.85	146.68	hsa-miR-561	-3.869048218124158	1440.5643442339588	546.836195228422	-1.3974534577676523
hsa-miR-137	0.62	130.99	hsa-miR-137	6.348291007029524	52.437677760622684	83.11033288813617	0.664424058398388
hsa-miR-24-3p	87.17	108.92	hsa-miR-24	0.31809414444561135	52.437677760622684	83.11033288813617	0.664424058398388
hsa-miR-146a-5p	67.29	4.74	hsa-miR-146a	-3.5725516918947706	221.30893754399528	73.47549330821518	-1.590726670287312
hsa-miR-518f-3p	70.56	0	hsa-miR-518f	-6.161081482277184	65.23685861304813	73.47549330821518	0.17157582722006215
hsa-miR-218-5p	31.81	480.13	hsa-miR-218	3.8742192599228926	52.437677760622684	3394.1281213214274	6.016293418227625
hsa-miR-7-5p	43.43	753.62	hsa-miR-7	4.086144290526126	2637.944252271834	5309.190268989171	1.0090777688028474
hsa-miR-126-3p	77.73	43.58	hsa-miR-126	-0.8205168616270048	NA	NA	NA
hsa-miR-152-3p	8.19	37.51	hsa-miR-152	2.067096356507951	NA	NA	NA
hsa-miR-126-5p	793.8	340.85	hsa-miR-126	-1.2172284472632167	NA	NA	NA
hsa-miR-361-3p	76.49	105.44	hsa-miR-361	0.45795836618306385	52.437677760622684	390.25036903207064	2.895724295133962
hsa-miR-1303	102.3	1.96	hsa-miR-1303	-5.125099268123472	182.91139498671896	83.11033288813617	-1.1380451949635824
hsa-miR-371a-5p	311.49	5.44	hsa-miR-371a	-5.600605524229573	NA	NA	NA
hsa-miR-28-5p	589.6	290.13	hsa-miR-28	-1.0205178443173564	52.437677760622684	73.47549330821518	0.4866593438294557
hsa-miR-9-3p	9.75	894.99	hsa-miR-9	6.381074065758501	379.86292517678424	31278.147337462764	6.363532340382305
hsa-miR-190a-5p	70.87	74.38	hsa-miR-190a	0.0687921089430359	NA	NA	NA
hsa-miR-367-3p	2469.35	1.9	hsa-miR-367	-9.734446842220638	38255.42233633816	252.9342219955613	-7.240758193330642
hsa-miR-135a-5p	92.78	750.21	hsa-miR-135a	3.001864083898037	493.8145984976924	2922.020981905299	2.564925145416417
hsa-miR-181c-5p	142.45	3383.18	hsa-miR-181c	4.560186432295706	52.437677760622684	243.2993824156403	2.2140569568600243
hsa-miR-129-5p	43.82	448.38	hsa-miR-129	3.325721363741365	52.437677760622684	73.47549330821518	0.4866593438294557
hsa-miR-15b-5p	610.89	652.3	hsa-miR-15b	0.0944733180599269	1931.507396686593	1021.3717275621661	-0.9192191726751097
hsa-miR-335-5p	175.35	1146.34	hsa-miR-335	2.7017794986438965	259.7064801012716	2554.6435153642233	3.298168068897583
hsa-miR-411-5p	2.26	162.74	hsa-miR-411	5.650391025764219	NA	NA	NA
hsa-miR-302e	136.91	0.19	hsa-miR-302e	-6.856621688230017	NA	NA	NA
hsa-miR-30b-5p	388.75	1243.62	hsa-miR-30b	1.6750844063883488	65.23685861304813	224.0297032557983	1.7799308085407224
hsa-miR-372-3p	267.51	6.45	hsa-miR-372	-5.171591583068927	92.07617466881993	73.47549330821518	-0.32556475749344926
hsa-miR-342-3p	153.52	826.74	hsa-miR-342	2.421384093718947	92.07617466881993	711.8032985006163	2.9505788156733237
hsa-miR-151b	163.34	138.71	hsa-miR-151b	-0.23424838388505004	144.5138524294426	1781.3492239623874	3.6236906822526387
hsa-miR-425-5p	739.61	611.69	hsa-miR-425	-0.273556724855301	609.0072261695213	403.4884319431444	-0.5939320346440495
hsa-miR-302b-5p	294.33	0.13	hsa-miR-302b	-8.029861331861767	65533.21738510685	281.8387407353243	-7.861212619103163
hsa-miR-130a-3p	3486.92	3447.57	hsa-miR-130a	-0.016368699113719097	286.5457961570434	623.9149118677899	1.1225835599673615
hsa-miR-520g-3p	122.33	0.13	hsa-miR-520g	-6.7700571948699055	52.437677760622684	73.47549330821518	0.4866593438294557
hsa-miR-302b-3p	42213.56	50.73	hsa-miR-302b	-9.672523770178636	65533.21738510685	281.8387407353243	-7.861212619103163
hsa-miR-296-3p	109.55	23.15	hsa-miR-296	-2.1946039309804526	182.91139498671896	214.3948636758773	0.22912538843184277
hsa-miR-874-3p	217.53	50.98	hsa-miR-874	-2.071802808905059	78.03603946547358	415.55166444068084	2.412815390265272
hsa-miR-22-3p	11563.4	6049.05	hsa-miR-22	-0.9346714454905963	NA	NA	NA
hsa-miR-302d-5p	591.55	0.38	hsa-miR-302d	-8.74612481806244	33204.8832274132	351.71101071238667	-6.560861113902168
hsa-miR-302c-3p	22394.36	9.8	hsa-miR-302c	-11.017952829627495	140369.70719017473	505.8684439911226	-8.116253662929852
hsa-miR-374a-5p	260.26	288.67	hsa-miR-374a	0.14892401909379085	181.67044063579806	896.1188130231932	2.3023663268655112
hsa-miR-197-3p	335.66	633.32	hsa-miR-197	0.9139185121714892	351.78265477009154	1281.512396220033	1.8650911788622364
hsa-miR-373-3p	213.32	5.63	hsa-miR-373	-5.014613805729791	90.83522031789903	73.47549330821518	-0.30598865445514895
hsa-miR-302a-5p	47559.1	20.75	hsa-miR-302a	-11.094520632202128	58000.95018748355	476.96392525135957	-6.926052571453096
hsa-miR-520c-3p	202.17	0.13	hsa-miR-520c	-7.4902208072045475	65.23685861304813	73.47549330821518	0.17157582722006215
hsa-miR-125b-1-3p	21.13	824.28	hsa-miR-125b3p	5.220808321988202	NA	NA	NA
hsa-miR-302c-5p	2640.65	1.14	hsa-miR-302c	-10.269612820360926	140369.70719017473	505.8684439911226	-8.116253662929852
hsa-miR-374b-5p	129.9	214.29	hsa-miR-374b	0.7178162120712162	NA	NA	NA
hsa-miR-339-3p	105.49	270.08	hsa-miR-339	1.3480007167969912	NA	NA	NA
hsa-miR-520a-5p	128.96	0.06	hsa-miR-520a	-6.937859573766284	65.23685861304813	73.47549330821518	0.17157582722006215
hsa-miR-1251-5p	18.32	313.28	hsa-miR-1251	4.023883466235979	299.34497700946883	5310.365099402708	4.148930085708402
hsa-miR-335-3p	2773.9	1798.33	hsa-miR-335	-0.6249759780817196	259.7064801012716	2554.6435153642233	3.298168068897583
hsa-miR-23b-3p	109.78	258.44	hsa-miR-23b	1.2277034852924855	52.437677760622684	249.33099866440853	2.2493865591195443
hsa-miR-518b	260.42	0.44	hsa-miR-518b	-7.504156897194012	NA	NA	NA
hsa-miR-16-5p	6444.43	11772.93	hsa-miR-16	0.8692474407044845	143.2728980785217	393.8535923632234	1.4588937037085576
hsa-let-7a-5p	515.69	3811.13	hsa-miR-7a	2.8832264511204513	2425.3219951842852	631.1213585300954	-1.9421869445302649
hsa-miR-181c-3p	109.08	1237.68	hsa-miR-181c	3.492179250198883	52.437677760622684	243.2993824156403	2.2140569568600243
hsa-miR-425-3p	68.14	37.76	hsa-miR-425	-0.8349520328473176	609.0072261695213	403.4884319431444	-0.5939320346440495
hsa-miR-92b-5p	76.18	51.55	hsa-miR-92b	-0.5545362796917139	NA	NA	NA
hsa-miR-181a-5p	3506.26	77558.51	hsa-miR-181a	4.466887399461608	535.9350041077314	2903.926133158994	2.437874803574953
hsa-miR-381-3p	1.72	97.53	hsa-miR-381	5.178884500585554	52.437677760622684	73.47549330821518	0.4866593438294557
hsa-miR-486-5p	4855.82	3111.21	hsa-miR-486	-0.6420726080781307	NA	NA	NA
hsa-miR-125b-2-3p	4.52	1122.44	hsa-miR-125b3p	7.669039093654941	NA	NA	NA
hsa-miR-574-5p	117.03	26.88	hsa-miR-574	-2.081851133525396	NA	NA	NA
hsa-miR-652-3p	105.57	308.72	hsa-miR-652	1.5391631780480026	52.437677760622684	175.85550535619333	1.7457147995517879
hsa-miR-127-3p	10.92	395.44	hsa-miR-127	5.055646393988674	NA	NA	NA
hsa-miR-98-5p	1.64	332.95	hsa-miR-98	6.982950374411607	1365.010213470327	1581.4459857016618	0.21233253551778564
hsa-miR-96-5p	49.9	4.93	hsa-miR-96	-3.101561646417054	52.437677760622684	73.47549330821518	0.4866593438294557
hsa-miR-302a-3p	32631.35	24.16	hsa-miR-302a	-10.34095524847309	58000.95018748355	476.96392525135957	-6.926052571453096
hsa-miR-181d-5p	97.85	957.42	hsa-miR-181d	3.277345143069343	52.437677760622684	150.55420994758313	1.5216073493859357
hsa-miR-210-3p	116.56	297.15	hsa-miR-210	1.3426410726601998	NA	NA	NA
hsa-miR-151a-5p	4529.68	3873.43	hsa-miR-151a	-0.22574351852236402	104.87535552124537	778.0723451465258	2.8912286018715343
hsa-miR-129-2-3p	18.24	132.64	hsa-miR-1293p	2.7961711835649283	NA	NA	NA
hsa-miR-26b-5p	1066.38	2922.98	hsa-miR-26b	1.4538595590634056	52.437677760622684	166.22066577627234	1.664424058398388
hsa-miR-181b-5p	955.12	8790.12	hsa-miR-181b	3.200783374900762	933.9505648838411	4004.726238187603	2.10028553032932
hsa-miR-520a-3p	97.54	0.25	hsa-miR-520a	-6.300709471650097	65.23685861304813	73.47549330821518	0.17157582722006215
hsa-miR-128-3p	742.81	1996.87	hsa-miR-128	1.4254566618211133	117.6745363736708	1021.3717275621661	3.11763395561868
hsa-miR-132-3p	11.54	326.75	hsa-miR-132	4.70798652719444	NA	NA	NA
hsa-miR-302d-3p	37919.27	22.83	hsa-miR-302d	-10.635974569687434	33204.8832274132	351.71101071238667	-6.560861113902168
hsa-miR-181a-2-3p	387.04	2824.56	hsa-miR-181a3p	2.864259543445214	NA	NA	NA
hsa-miR-26a-5p	19725.33	27831.68	hsa-miR-26a	0.4966572582744092	654.8504948323231	1348.95627327948	1.0426061078505517
hsa-miR-149-5p	244.43	1893.39	hsa-miR-149	2.948349858560929	NA	NA	NA
hsa-miR-582-3p	5.69	193.29	hsa-miR-582	4.860061627017679	65.23685861304813	322.8064919726237	2.30691037506421
hsa-miR-518a-3p	98.24	0.06	hsa-miR-518a	-6.548785565329232	52.437677760622684	73.47549330821518	0.4866593438294557
hsa-miR-106b-5p	621.88	882.78	hsa-miR-106b	0.5047330333820604	209.75071104249074	422.7581111029864	1.011156733348474
hsa-miR-449b-5p	0.31	36.69	hsa-miR-449b	4.846543078126906	65.23685861304813	102.38001204797816	0.6501748632833156
hsa-miR-31-5p	1059.91	12.65	hsa-miR-31	-6.280257512166931	130.47371722609626	73.47549330821518	-0.8284241727799379
hsa-miR-331-3p	543.13	1083.85	hsa-miR-331	0.9954723008708132	246.9072992488462	1146.624642101139	2.2153517972314183
hsa-miR-105-5p	10.06	178.43	hsa-miR-105	4.019997832753799	117.6745363736708	390.25036903207064	1.7295978274991322
hsa-miR-184	25.18	16.95	hsa-miR-184	-0.5444812532348271	NA	NA	NA
hsa-miR-484	779.38	1152.86	hsa-miR-484	0.5642194803381576	NA	NA	NA
hsa-miR-589-5p	538.76	124.54	hsa-miR-589	-2.1041709529158923	559.0514571107406	467.3290856714386	-0.2585422494444417
hsa-miR-526b-5p	198.51	0.13	hsa-miR-526b	-7.46399447731042	52.437677760622684	73.47549330821518	0.4866593438294557
hsa-miR-654-3p	1.48	136.81	hsa-miR-654	5.796196648256737	NA	NA	NA
hsa-miR-217	0	330.17	hsa-miR-217	8.371428177794545	104.87535552124537	393.8535923632234	1.908983733368977
hsa-miR-221-3p	3074.23	1422.94	hsa-miR-221	-1.1108059580025909	3628.055357969061	1380.2891849368584	-1.3942259108291628
hsa-miR-15a-5p	110.33	520.3	hsa-miR-15a	2.2272714530646924	454.17610158949515	692.5336193407743	0.6086323146135878
hsa-miR-520f-3p	531.51	0.32	hsa-miR-520f	-8.6561268781397	NA	NA	NA
hsa-miR-518e-5p	94.97	0	hsa-miR-518e	-6.584511588062105	NA	NA	NA
hsa-miR-519b-5p	95.12	0	hsa-miR-519b	-6.5867647433551415	65.23685861304813	73.47549330821518	0.17157582722006215
hsa-miR-519c-5p	95.12	0	hsa-miR-519c	-6.5867647433551415	52.437677760622684	73.47549330821518	0.4866593438294557
hsa-miR-522-5p	95.12	0	hsa-miR-522	-6.5867647433551415	65.23685861304813	73.47549330821518	0.17157582722006215
hsa-miR-523-5p	95.12	0	hsa-miR-523	-6.5867647433551415	NA	NA	NA
hsa-miR-592	9.67	138.9	hsa-miR-592	3.7127638812276906	52.437677760622684	189.0935682672671	1.85042459170058
hsa-miR-92a-1-5p	81.24	14.67	hsa-miR-92a5p	-2.391835084721298	NA	NA	NA
hsa-miR-517a-3p	175.04	0.13	hsa-miR-517a	-7.2834366939793584	92.07617466881993	73.47549330821518	-0.32556475749344926
hsa-miR-517b-3p	175.04	0.13	hsa-miR-517b	-7.2834366939793584	65.23685861304813	73.47549330821518	0.17157582722006215
hsa-miR-100-5p	116.64	1374.36	hsa-miR-100	3.5473586985407195	90.83522031789903	156.58582619635135	0.7856299293568377
hsa-miR-501-3p	133.72	326.37	hsa-miR-501	1.2809580766021376	52.437677760622684	102.38001204797816	0.9652583798927094
hsa-miR-1307-3p	385.4	144.91	hsa-miR-1307	-1.405016331849896	2105.7321112168656	2287.21766795351	0.11927175938040234
hsa-miR-1296-5p	122.1	329.28	hsa-miR-1296	1.4238588485082444	376.1400621240215	3584.396520002232	3.252388363809525
hsa-miR-204-5p	995.43	10152.52	hsa-miR-204	3.349067696096919	52.437677760622684	349.2826177947712	2.7357191468330098
hsa-miR-29c-3p	19.34	86.27	hsa-miR-29c	2.1011661179639627	221.30893754399528	735.929763495689	1.7335063678363107
hsa-miR-519a-5p	89.51	0.06	hsa-miR-519a	-6.415941027304659	65.23685861304813	73.47549330821518	0.17157582722006215
hsa-miR-1246	7.95	100.25	hsa-miR-1246	3.499890415395093	NA	NA	NA
hsa-miR-345-5p	853.76	2236.65	hsa-miR-345	1.3883930948870749	234.1081183964207	422.7581111029864	0.8526574696068392
hsa-miR-449a	0.47	166.41	hsa-miR-449a	6.8314257425267515	52.437677760622684	112.01485162789915	1.0950143251501159
hsa-miR-92b-3p	48442.73	57644.22	hsa-miR-92b	0.2508910312559266	NA	NA	NA
hsa-miR-1307-5p	2247.84	983.16	hsa-miR-1307	-1.1922162340338964	2105.7321112168656	2287.21766795351	0.11927175938040234
hsa-miR-653-5p	183.93	60.02	hsa-miR-653	-1.599625197800789	65.23685861304813	83.11033288813617	0.3493405417889945
hsa-miR-625-5p	17.39	30.8	hsa-miR-625	0.79010528575978	52.437677760622684	291.4735803152453	2.474689419578272
hsa-miR-873-3p	128.73	192.66	hsa-miR-873	0.5780138588702157	52.437677760622684	169.82388910742512	1.6953637155916947
hsa-miR-221-5p	199.68	59.64	hsa-miR-221	-1.726555184593205	3628.055357969061	1380.2891849368584	-1.3942259108291628
hsa-miR-130b-3p	1609.67	2647.52	hsa-miR-130b	0.7175254633766013	168.87125978337258	953.9278505027191	2.4979563367646023
hsa-miR-199b-3p	49.04	22.45	hsa-miR-199b	-1.093493866763081	52.437677760622684	121.64969120782015	1.2140569568600243
hsa-miR-199a-3p	49.35	22.45	hsa-miR-199a	-1.1024038554914082	117.6745363736708	951.4994575851038	3.0154006651130905
hsa-miR-767-5p	64.79	639.4	hsa-miR-767	3.2830330900088693	52.437677760622684	189.0935682672671	1.85042459170058
hsa-miR-18a-5p	978.82	487.72	hsa-miR-18a	-1.003508594555302	16597.708636135158	6273.927789485349	-1.4035432573857256
hsa-miR-615-3p	0	0.82	hsa-miR-615	0.8639384504239714	NA	NA	NA
hsa-miR-20a-5p	4853.56	2438.29	hsa-miR-20a	-0.992879254745586	2720.092792133287	1611.5253348549622	-0.7552289985809865
hsa-miR-744-5p	464.38	436.55	hsa-miR-744	-0.08896132438589395	168.87125978337258	1081.6091579593076	2.679183550319878
hsa-miR-216a-3p	0.08	165.72	hsa-miR-216a	7.270252060115039	52.437677760622684	646.7878143587848	3.6246167970146987
hsa-let-7d-5p	2.26	120.93	hsa-miR-7d	5.225037359695847	3475.7061420908767	2108.933769679701	-0.7207923243426235
hsa-miR-17-5p	4473.54	2241.52	hsa-miR-17	-0.9966185234432124	11270.623408181787	4054.153998591286	-1.4750945207385757
hsa-miR-421	1984.54	2074.98	hsa-miR-421	0.06426111964376433	479.774463294346	3785.553320767036	2.9800759139799964
hsa-miR-148b-3p	1569.59	2459.99	hsa-miR-148b	0.6479321789985903	103.63440117032447	304.71164322631904	1.5559416459769555
hsa-miR-1180-3p	257.61	440.98	hsa-miR-1180	0.7732030250802706	NA	NA	NA
hsa-miR-135a-3p	1.79	111.32	hsa-miR-135a	5.331205908475373	493.8145984976924	2922.020981905299	2.564925145416417
hsa-miR-3663-3p	0.47	1.08	hsa-miR-3663	0.5007673733047278	52.437677760622684	83.11033288813617	0.664424058398388
hsa-miR-135b-5p	109.55	271.85	hsa-miR-135b	1.3034090185564169	262.1883888031134	857.5794547035092	1.709666546906451
hsa-miR-1304-3p	289.5	21.38	hsa-miR-1304	-3.6982562222028594	5719.74733398258	3750.6171857785043	-0.6088233993539304
hsa-miR-873-5p	100.89	267.11	hsa-miR-873	1.3958125650798114	52.437677760622684	169.82388910742512	1.6953637155916947
hsa-miR-30c-5p	3395.23	4108.03	hsa-miR-30c	0.2748636990402353	427.3367855337233	1096.0220512839187	1.358831408759912
hsa-miR-30a-3p	236.64	474.5	hsa-miR-30a	1.0006676474361262	184.15234933763986	646.7878143587848	1.812392695691794
hsa-miR-512-3p	1986.18	2.97	hsa-miR-512	-8.967367836014192	NA	NA	NA
hsa-miR-10b-5p	117.34	516.69	hsa-miR-10b	2.129150650334093	NA	NA	NA
hsa-miR-1911-5p	21.13	38.71	hsa-miR-1911	0.8434989097234568	52.437677760622684	156.58582619635135	1.5782779276414425
hsa-miR-409-3p	1.09	65.97	hsa-miR-409	5.001940120631272	52.437677760622684	83.11033288813617	0.664424058398388
hsa-miR-130b-5p	250.2	432.5	hsa-miR-130b	0.7871955292175703	168.87125978337258	953.9278505027191	2.4979563367646023
hsa-miR-449c-5p	1.48	296.64	hsa-miR-449c	6.907084493201833	52.437677760622684	175.85550535619333	1.7457147995517879
hsa-miR-15b-3p	173.17	99.37	hsa-miR-15b	-0.7951680269012043	1931.507396686593	1021.3717275621661	-0.9192191726751097
hsa-miR-378c	103.93	16	hsa-miR-378c	-2.6258205589804	NA	NA	NA
hsa-miR-708-5p	69.63	473.24	hsa-miR-708	2.7472643511418724	52.437677760622684	1053.879469633082	4.32896227144354
hsa-miR-27b-3p	3415.19	7142.26	hsa-miR-27b	1.0641944171194173	103.63440117032447	399.88520861199163	1.9480829367665837
hsa-miR-30d-3p	83.35	166.16	hsa-miR-30d	0.9867696901474811	78.03603946547358	370.98068987222865	2.249131629912217
hsa-miR-520d-5p	130.05	0.13	hsa-miR-520d	-6.857650770800592	52.437677760622684	73.47549330821518	0.4866593438294557
hsa-miR-191-5p	28248.8	18939.29	hsa-miR-191	-0.5767822332446926	65.23685861304813	83.11033288813617	0.3493405417889945
hsa-miR-577	432.73	134.03	hsa-miR-577	-1.6835172636384061	92.07617466881993	92.74517246805716	0.010444291609790405
hsa-miR-25-5p	78.98	23.28	hsa-miR-25	-1.7198708595544472	1258.8939035981607	1018.9433346445508	-0.305082878732575
hsa-miR-10a-3p	0	2.34	hsa-miR-10a	1.7398481026993275	NA	NA	NA
hsa-miR-216a-5p	0.16	186.59	hsa-miR-216a	7.337314307504719	52.437677760622684	646.7878143587848	3.6246167970146987
hsa-miR-219a-5p	0.31	94.24	hsa-miR-219a	6.183928903732884	NA	NA	NA
hsa-miR-518c-3p	235.31	0.19	hsa-miR-518c	-7.633575297796812	65.23685861304813	73.47549330821518	0.17157582722006215
hsa-miR-146b-5p	134.42	232.51	hsa-miR-146b	0.786043509903255	65.23685861304813	83.11033288813617	0.3493405417889945
hsa-miR-222-3p	8677.85	1853.8	hsa-miR-222	-2.2262402577095974	598.6899540189377	419.1548877718336	-0.5143256092840567
hsa-miR-30d-5p	5536.25	12235.22	hsa-miR-30d	1.1439163866946467	78.03603946547358	370.98068987222865	2.249131629912217
hsa-miR-320a	1079.24	2008.51	hsa-miR-320a	0.8954918810820806	NA	NA	NA
hsa-miR-30e-5p	12232.22	12474.69	hsa-miR-30e	0.02831541299651553	337.74251956674516	698.5652355895425	1.0484710315402417
hsa-miR-17-3p	256.05	118.91	hsa-miR-17	-1.1000970334960862	11270.623408181787	4054.153998591286	-1.4750945207385757
hsa-miR-378a-3p	7194.18	794.86	hsa-miR-378a	-3.176444205723057	195.71057583914438	83.11033288813617	-1.2356219589321618
hsa-miR-941	1136.79	908.02	hsa-miR-941	-0.3238503647523893	NA	NA	NA
hsa-miR-29a-3p	254.65	48.7	hsa-miR-29a	-2.362852269124657	259.7064801012716	92.74517246805716	-1.4855379178085062
hsa-miR-99b-5p	2486.35	11058.33	hsa-miR-99b	2.1525825549303836	NA	NA	NA
hsa-miR-21-3p	3073.45	199.3	hsa-miR-21	-3.940094018093406	5063.266247456119	668.4858864362421	-2.9210993425893452
hsa-miR-151a-3p	11554.35	9928.81	hsa-miR-151a	-0.21872294009255486	104.87535552124537	778.0723451465258	2.8912286018715343
hsa-miR-330-5p	176.37	106.26	hsa-miR-330	-0.7256498573021556	168.87125978337258	146.95098661643036	-0.2005887714633125
hsa-miR-374b-3p	89.9	58.7	hsa-miR-374b	-0.6065493629293022	NA	NA	NA
hsa-miR-320b	35.16	117.65	hsa-miR-320b	1.7142455176661229	286.5457961570434	397.4568156943762	0.4720323868513187
hsa-miR-340-5p	2425.84	13292.95	hsa-miR-340	2.4536189321035384	116.4335820227499	2477.564798724855	4.411343661872993
hsa-miR-30e-3p	786.63	814.22	hsa-miR-30e	0.049671382917125306	337.74251956674516	698.5652355895425	1.0484710315402417
hsa-miR-1247-3p	0.55	50.47	hsa-miR-1247	5.053391661932297	NA	NA	NA
hsa-miR-584-5p	19.26	38.27	hsa-miR-584	0.9547934238652588	65.23685861304813	83.11033288813617	0.3493405417889945
hsa-miR-186-5p	8031.33	5332.17	hsa-miR-186	-0.5908252260785436	2566.502621904182	6202.880689094749	1.2731346409005546
hsa-miR-3200-3p	44.99	167.74	hsa-miR-3200	1.875409903760297	52.437677760622684	83.11033288813617	0.664424058398388
hsa-let-7c-5p	0.39	3199.13	hsa-miR-7c	11.168829915121504	52.437677760622684	345.67939446361845	2.7207589075085994
hsa-miR-28-3p	11715.52	3494.12	hsa-miR-28	-1.7451302346664705	52.437677760622684	73.47549330821518	0.4866593438294557
hsa-miR-128-1-5p	77.03	63.57	hsa-miR-1285p	-0.2731648729167981	NA	NA	NA
hsa-miR-375	38.75	41.87	hsa-miR-375	0.10901355675789245	NA	NA	NA
hsa-miR-216b-5p	0.08	557.23	hsa-miR-216b	9.013684536165133	52.437677760622684	358.9174573746922	2.774976394734221
hsa-miR-30c-1-3p	77.89	45.22	hsa-miR-30c3p	-0.7713251777621944	NA	NA	NA
hsa-miR-516a-5p	132.78	0.89	hsa-miR-516a	-6.145332405705901	52.437677760622684	73.47549330821518	0.4866593438294557
hsa-miR-148a-5p	1211.01	39.85	hsa-miR-148a	-4.890921713589953	90.83522031789903	73.47549330821518	-0.30598865445514895
hsa-miR-340-3p	54.34	198.1	hsa-miR-340	1.8470986719979101	116.4335820227499	2477.564798724855	4.411343661872993
hsa-miR-125a-5p	1101.7	5616.48	hsa-miR-125a	2.3488827375315036	78.03603946547358	131.28453078774115	0.7504844696273422
hsa-miR-1269a	1.72	166.6	hsa-miR-1269a	5.9452716873363745	52.437677760622684	102.38001204797816	0.9652583798927094
hsa-miR-548k	199.52	70.4	hsa-miR-548k	-1.4897501598658822	378.62197082586334	845.5162222059728	1.1590743039219995
hsa-miR-148b-5p	130.21	201.01	hsa-miR-148b	0.6225490344780056	103.63440117032447	304.71164322631904	1.5559416459769555
hsa-miR-769-5p	3348.06	4669.06	hsa-miR-769	0.4796848626695294	52.437677760622684	204.7600240959563	1.9652583798927092
hsa-miR-187-3p	318.81	8.98	hsa-miR-187	-5.002031424740413	65.23685861304813	73.47549330821518	0.17157582722006215
hsa-miR-18a-3p	186.19	45.03	hsa-miR-18a	-2.02385701814561	16597.708636135158	6273.927789485349	-1.4035432573857256
hsa-miR-887-3p	173.48	287.53	hsa-miR-887	0.725659656261531	NA	NA	NA
hsa-miR-19a-3p	359.12	320.3	hsa-miR-19a	-0.16455674396067013	9616.97512719579	4823.766334571428	-0.99542316350164906
hsa-miR-1323	248.17	0.06	hsa-miR-1323	-7.876922303714845	NA	NA	NA
hsa-miR-103a-3p	8793.17	13516.54	hsa-miR-103a	0.6202132988773816	379.8629251767842	940.6897875916453	1.3082401310230307
hsa-miR-183-5p	3050.22	259.64	hsa-miR-183	-3.5492557912183385	104.87535552124537	73.47549330821518	-0.5133406561705443
hsa-miR-106b-3p	315.85	237.12	hsa-miR-106b	-0.4121112160530999	209.75071104249074	422.7581111029864	1.011156733348474
hsa-miR-192-5p	1729.27	2107.81	hsa-miR-192	0.2854319359592172	52.437677760622684	92.74517246805716	0.8226683929326954
hsa-miR-21-5p	36916.75	3391.03	hsa-miR-21	-3.4440937941064065	5063.266247456119	668.4858864362421	-2.9210993425893452
hsa-miR-10b-3p	0.16	0.32	hsa-miR-10b	0.18641312423088138	NA	NA	NA
hsa-miR-454-3p	580.71	1067.35	hsa-miR-454	0.8770123524661032	350.54170041917064	3703.617818292437	3.4012772500089863
hsa-miR-93-3p	110.17	78.05	hsa-miR-93	-0.49193015156548514	1299.773354857279	611.8516793702535	-1.0870062056003715
hsa-miR-374a-3p	1170	819.78	hsa-miR-374a	-0.5126735935977482	181.67044063579806	896.1188130231932	2.3023663268655112
hsa-miR-143-3p	734.78	110.18	hsa-miR-143	-2.726377174253301	221.30893754399528	73.47549330821518	-1.590726670287312
hsa-miR-30a-5p	7171.57	15334.03	hsa-miR-30a	1.0962689409422475	184.15234933763986	646.7878143587848	1.812392695691794
hsa-miR-140-3p	1258.34	1657.97	hsa-miR-140	0.3976199592070425	NA	NA	NA
hsa-miR-107	778.13	2470.36	hsa-miR-107	1.6653692104532283	195.71057583914438	480.56714858251235	1.2960163110095029
hsa-miR-500a-3p	532.37	1301.94	hsa-miR-500a	1.2885620634913446	52.437677760622684	121.64969120782015	1.2140569568600243
hsa-miR-339-5p	24.09	84.94	hsa-miR-339	1.776217306364766	NA	NA	NA
hsa-miR-25-3p	10749.64	10191.55	hsa-miR-25	-0.07690751389212787	1258.8939035981607	1018.9433346445508	-0.305082878732575
hsa-miR-671-3p	142.99	71.66	hsa-miR-671	-0.9867353501670532	117.6745363736708	621.4865189501745	2.4009209282646053
hsa-miR-935	35.16	47.37	hsa-miR-935	0.41971786003067485	NA	NA	NA
hsa-miR-504-5p	78.28	269	hsa-miR-504	1.7679305396390674	274.9875696555389	272.2039011554033	-0.014678662220899336
hsa-let-7g-5p	11.31	1665.69	hsa-miR-7g	7.08101121970775	170.1122141342935	492.6303810800488	1.5340188723567907
hsa-miR-589-3p	294.72	19.23	hsa-miR-589	-3.869663593441216	559.0514571107406	467.3290856714386	-0.2585422494444417
hsa-miR-548f-3p	1491.47	9.17	hsa-miR-548f	-7.1972384428826475	170.11221413429348	2567.8815782752968	3.9160200359480766
hsa-miR-519c-3p	540.79	0.25	hsa-miR-519c	-8.759661860366105	52.437677760622684	73.47549330821518	0.4866593438294557
hsa-miR-10a-5p	21.21	2252.21	hsa-miR-10a	6.664628576437375	NA	NA	NA
hsa-miR-135b-3p	28.07	34.41	hsa-miR-135b	0.28462577225467883	262.1883888031134	857.5794547035092	1.709666546906451
hsa-miR-19b-3p	1073.94	903.08	hsa-miR-19b	-0.2497337908218649	3343.9914705138594	1769.3647235553915	-0.9183397025519257
hsa-miR-155-5p	137.93	2.47	hsa-miR-155	-5.323278689846589	821.239845913854	3231.510678876308	1.9763332264750972
hsa-miR-93-5p	5219.7	5758.48	hsa-miR-93	0.1416953038091287	1299.773354857279	611.8516793702535	-1.0870062056003715
hsa-miR-99b-3p	69.08	167.42	hsa-miR-99b	1.2649887896325072	NA	NA	NA
hsa-miR-670-3p	5.38	349.01	hsa-miR-670	5.777695907111651	65.23685861304813	121.64969120782015	0.8989734402506308
hsa-miR-1264	15.91	8.29	hsa-miR-1264	-0.8641261580273306	184.15234933763986	102.38001204797816	-0.8469657214301958
hsa-let-7i-5p	4.6	951.85	hsa-miR-7i	7.410678481998162	90.83522031789903	214.3948636758773	1.2389466435092087
hsa-miR-148a-3p	50486.05	3083.95	hsa-miR-148a	-4.0325943701075095	90.83522031789903	73.47549330821518	-0.30598865445514895
hsa-miR-660-5p	245.06	515.99	hsa-miR-660	1.0711262256448917	52.437677760622684	92.74517246805716	0.8226683929326954
hsa-miR-516b-5p	459	0.19	hsa-miR-516b	-8.594528477411156	52.437677760622684	73.47549330821518	0.4866593438294557
hsa-miR-423-5p	1396.27	788.92	hsa-miR-423	-0.8228323700412526	533.4530954058896	480.56714858251235	-0.15062339602433944
hsa-miR-532-5p	378.93	627.95	hsa-miR-532	0.7272116964428967	90.83522031789903	166.22066577627234	0.8717760601137834
hsa-miR-423-3p	2883.6	1794.21	hsa-miR-423	-0.6842186605209013	533.4530954058896	480.56714858251235	-0.15062339602433944
hsa-miR-455-5p	171.77	48.51	hsa-miR-455	-1.803060873455106	104.87535552124537	83.11033288813617	-0.33557594160161197
hsa-miR-101-3p	4892.39	5221.74	hsa-miR-101	0.09397261561358412	585.8907731665122	780.5007380641413	0.4137682664503535
hsa-miR-2467-5p	153.52	144.59	hsa-miR-2467	-0.08588231674657715	104.87535552124537	393.8535923632234	1.908983733368977
hsa-let-7e-5p	18.71	2392.37	hsa-miR-7e	6.923971859121453	NA	NA	NA
hsa-miR-877-5p	170.13	115.05	hsa-miR-877	-0.5603461714367085	NA	NA	NA
hsa-miR-424-5p	157.19	15.94	hsa-miR-424	-3.22315262276879	259.7064801012716	102.38001204797816	-1.3429479308484924
hsa-miR-3615	26.28	75.52	hsa-miR-3615	1.4879932293219398	52.437677760622684	73.47549330821518	0.4866593438294557
hsa-miR-136-3p	1.33	27.39	hsa-miR-136	3.606980989070111	NA	NA	NA
hsa-miR-92a-3p	141284.71	46579.32	hsa-miR-92a	-1.6008230993647152	3363.774697807322	2677.4680369855805	-0.3292117260813993
hsa-miR-891a-5p	0.62	86.21	hsa-miR-891a	5.750427853972768	NA	NA	NA
hsa-miR-889-3p	0.94	57.75	hsa-miR-889	4.920460294152597	65.23685861304813	83.11033288813617	0.3493405417889945
hsa-miR-1468-5p	23.39	84.57	hsa-miR-1468	1.8108153324495628	65.23685861304813	83.11033288813617	0.3493405417889945
hsa-miR-410-3p	3.66	187.85	hsa-miR-410	5.3407670186732545	NA	NA	NA
hsa-miR-301b	934.14	6113.69	hsa-miR-301b	2.7090250870051413	52.437677760622684	233.6645428357193	2.1557631292620583
hsa-miR-182-5p	23028.32	2027.92	hsa-miR-182	-3.5046879263843724	92.07617466881993	83.11033288813617	-0.14780004292451698
hsa-miR-1247-5p	0.86	152.94	hsa-miR-1247	6.370921720858323	NA	NA	NA
hsa-miR-1298-3p	31.81	48.58	hsa-miR-1298	0.5956226775683022	90.83522031789903	83.11033288813617	-0.12822393988621658
hsa-miR-515-5p	948.65	0.32	hsa-miR-515	-9.4907141564735	NA	NA	NA
hsa-miR-1269b	2.42	235.42	hsa-miR-1269b	6.11121195043421	65.23685861304813	131.28453078774115	1.0089377160384274
hsa-miR-9-5p	329.5	66941.86	hsa-miR-9	7.662136106647256	379.86292517678424	31278.147337462764	6.363532340382305
hsa-miR-1283	187.83	0.57	hsa-miR-1283	-6.910179618943191	65.23685861304813	73.47549330821518	0.17157582722006215
hsa-miR-7706	114.61	347.43	hsa-miR-7706	1.5916026530105214	NA	NA	NA
hsa-miR-448	152.04	108.22	hsa-miR-448	-0.48667171687184857	52.437677760622684	92.74517246805716	0.8226683929326954
hsa-miR-598-3p	187.36	529.15	hsa-miR-598	1.4929079840741852	78.03603946547358	822.643319714978	3.3980545806184135
hsa-let-7f-5p	38.52	2083.33	hsa-miR-7f	5.720856952173572	5919.180772874487	4003.5514077740654	-0.5641171863208567
hsa-miR-181a-3p	26.9	1067.85	hsa-miR-181a	5.25965047041359	535.9350041077314	2903.926133158994	2.437874803574953
hsa-miR-1298-5p	1083.22	1010.48	hsa-miR-1298	-0.10018973110969438	90.83522031789903	83.11033288813617	-0.12822393988621658
hsa-miR-548ah-3p	48.65	73.94	hsa-miR-548ah	0.5939422599133772	90.83522031789903	5229.683159432188	5.847327938660478
hsa-miR-548p	46.86	71.79	hsa-miR-548p	0.6049198675398453	52.437677760622684	422.7581111029864	3.0111567333484737
hsa-miR-18b-5p	296.98	140.16	hsa-miR-18b	-1.0778841670373207	4967.856847077754	1155.0846512675228	-2.1046250171692047
hsa-miR-219a-1-3p	2.18	276.21	hsa-miR-219a3p	6.445808726077121	NA	NA	NA
hsa-miR-708-3p	103.15	707.01	hsa-miR-708	2.7651068978344084	52.437677760622684	1053.879469633082	4.32896227144354
hsa-miR-301a-3p	2640.57	9571.13	hsa-miR-301a	1.8574443494479902	468.2162367928414	1305.6388612151059	1.4795090334568157
hsa-miR-106a-5p	1357.13	343.45	hsa-miR-106a	-1.9792550976008982	651.1276317795604	160.18904952750412	-2.02316483424452
hsa-miR-20b-5p	3240.31	894.17	hsa-miR-20b	-1.8563434141751007	1427.7651633815335	307.1400361439345	-2.2167902195671907
hsa-miR-4454	164.12	106.45	hsa-miR-4454	-0.6198493931081082	117.6745363736708	278.2355174041715	1.2415044260190218
hsa-miR-7974	504.61	16.26	hsa-miR-7974	-4.872520627919805	92.07617466881993	195.12518451603532	1.0835001938110571
hsa-miR-450b-5p	173.09	38.71	hsa-miR-450b	-2.1322590687500425	299.34497700946883	175.85550535619333	-0.7674185612327269
hsa-miR-363-3p	7338.42	4245.47	hsa-miR-363	-0.7894020003329719	1921.5797618792258	262.5690615754823	-2.871524022655342
hsa-miR-219a-2-3p	1.95	55.15	hsa-miR-219a3p	4.25049916303876	NA	NA	NA
